3.88
119
3.35
120
3.24
1.19
1.14
1.13
3.42
1.17
1.14
1.19
1.94
1.20
1.19
1.12
1.13
1.19
1.17
1.14
1.17
1.08
1.29
1.18
1.16
1.14
1.19
1.15
1.95
1.22
4.21
1.16
3.47
3.32
1.15
1.19
1.15
1.20
3.53
119
1.11
1.17
1.15
1.12
1.24
1.12
1.17
1.20
1.13
1.23
1.19
1.14
1.13
1.19
1.14
1.15
1.08
1.19
1.14
3.52
1.17
1.82
3.52
1.15
1.21
1.19
1.14
1.14
3.31
1.16
1.18
1.16
2.66
3.42
120
2.03
1.13
3.23
1.17
1.17
13.6
1.22
1.17
1.56
1.15
1.24
1.20
1.20
1.14
1.23
1.13
1.15
1.21
1.12
1.21
2.90
1.15
1.16
1.20
1.14
1.12
1.12
1.21
1.13
3.40
1.15
1.14
2.97
1.14
1.24
3.43
120
1.17
1.21
1.17
1.17
3.88
179
1.12
1.19
1.16
1.22
1.20
1.14
1.14
1.19
1.14
1.11
1.20
1.14
1.16
1.20
1.16
1.14
1.19
1.37
1.16
1.49
1.14
1.15
3.49
1.14
1.16
1.23
1.11
1.22
7.09
121
3.24
1.24
1.14
1.14
1.22
1.17
1.14
1.19
1.17
1.22
1.17
1.13
1.15
1.25
1.18
1.15
10.9
1.10
1.15
1.23
1.14
14.2
2.11
1.13
1.15
1.20
1.12
1.15
3.66
1.11
1.17
1.19
1.12
1.18
6.67
120
1.13
1.21
1.17
1.14
1.18
1.17
1.14
2.63
1.17
1.26
1.23
1.13
1.16
1.19
1.15
2.62
1.18
1.13
1.17
1.22
1.19
1.17
1.22
1.16
1.15
12.5
1.15
2.11
3.40
1.13
1.50
1.13
1.16
1.17
3.39
120
1.21
1.21
1.16
1.10
1.19
1.18
1.16
1.24
1.17
1.23
1.21
1.20
3.14
1.22
1.15
1.14
1.17
1.16
1.13
1.16
1.16
1.16
1.21
1.19
1.12
2.59
1.20
1.18
1.16
1.18
1.23
1.24
1.14
1.21
3.40
120
1.15
1.15
1.21
1.17
1.20
1.18
1.21
1.14
1.23
1.13
1.22
1.21
1.62
1.19
1.21
1.20
1.14
1.22
1.24
1.17
1.20
1.19
1.19
1.20
3.08
1.15
1.22
1.16
1.16
873
1.17
1.20
1.18
1.15
1.21
5.01
120
1.10
1.23
1.13
1.19
1.22
1.07
1.19
1.23
1.10
1.25
1.21
1.11
1.19
1.25
1.09
1.19
1.26
1.09
1.20
1.22
1.12
1.21
1.26
1.14
1.18
6.18
1.24
1.87
4.78
1.20
1.26
1.14
1.21
3.46
120
1.11
1.16
1.20
1.14
1.20
1.87
1.19
1.20
1.18
1.18
1.25
1.21
1.32
2.62
1.17
1.15
1.16
1.22
1.15
1.24
1.21
1.15
1.16
1.20
1.64
1.23
1.28
1.15
3.42
1.20
1.17
3.30
1.23
3.38
120
2.99
1.15
3.88
1.26
1.23
1.20
1.14
1.18
1.21
1.77
1.23
1.17
1.15
1.20
1.18
1.13
1.17
1.19
1.17
1.22
1.15
1.14
1.24
1.20
1.19
1.21
1.12
2.12
1.21
1.18
1.19
1.14
6.88
1.23
3.36
120
1.14
1.20
1.20
1.22
1.21
1.19
3.45
1.24
1.21
1.19
1.20
1.20
1.19
1.21
1.19
3.11
1.21
1.16
1.22
1.18
1.19
1.14
1.32
1.17
1.20
19.4
1.14
1.52
3.79
1.08
1.16
1.17
1.15
1.18
1043
3.60
121
4.07
1.21
1.15
1.28
1.17
1.17
1.19
1.21
1.20
2.58
1.20
1.16
1.23
1.22
1.16
1.22
1.19
1.19
1.30
1.21
1.18
1.20
1.17
1.15
1.22
1.34
1.24
3.38
1.07
1.17
1.55
1.19
3.37
120
1.16
1.10
1.16
1.20
1.19
1.21
1.21
1.16
2.44
1.17
1.20
2.89
1.17
1.17
1.20
1.16
1.19
1.23
1.19
1.16
1.87
1.20
1.15
1.22
1.17
1.13
1.25
1.18
1.15
1.14
1.20
1.18
1.08
1.21
1.25
3.41
120
1.16
1.25
1.10
1.17
1.58
1.12
1.19
1.25
1.09
1.23
1.25
1.10
1.15
1.32
1.13
1.19
4.02
1.12
1.19
1.26
1.81
2.20
1.24
1.13
1.24
1.27
2.75
1.17
3.47
1.15
1.11
1.15
1.80
3.52
120
1.15
1.21
1.10
1.22
1.27
1.14
1.20
1.22
1.10
1.23
1.23
2.09
1.18
1.25
1.10
1.20
1.20
1.13
1.20
1.21
2.17
1.36
1.23
1.27
1.16
1.27
1.25
1.17
3.70
1.13
1.12
1.12
1.20
1.25
3.47
112
1.24
1.29
1.13
1.23
1.23
1.10
1.27
1.29
1.63
1.22
1.26
1.10
1.21
1.21
1.11
1.14
1.24
1.17
1.26
1.26
1.07
1.25
1.26
1.12
1.22
1.28
1.99
1.20
579
